20190102	20190102091500000	20190102091500073	20190102091500303	20190102091500313	2011 	011	1361980	002497	102 	6.680000	24300	20190102091500000	2	2	0.0	NULL	NULL	0	0
20190102	20190102091500000	20190102091500073	20190102091500303	20190102091500313	2011 	011	1278254	002497	102 	6.680000	24300	20190102091800000	1	2	0.0	NULL	NULL	0	0
20190102	20190102091500000	20190102091500073	20190102091500303	20190102091500314	2011 	011	1303621	002497	102  6.680000	8200	20190102104817990	1	2	0.0	NULL	NULL	0	0
20190102	20190102091500000	20190102091500073	20190102091500303	20190102091500314	2012	011	1689716	002436	102 	4.600000	7400	20190102103500560	1	2	0.0	NULL	NULL	0	0
20190102	20190102091500000	20190102091500073	20190102091500303	20190102091500314	2012	011 1663549 	002436	102 	4.600000	7400	20190102091500000	2	2	0.0	NULL	NULL	0	0
20190102	20190102091500000	20190102091500073	20190102091500303	20190102091500314	2012	011	1666418	002436	102 	4.600000	4000	20190102091500000	2	2	0.0	NULL	NULL	0	0
20190102	20190102091500000	20190102091500073	20190102091500303	20190102091500314	2012	011	1676038	002436	102 	4.600000	1400	20190102091500000	2	2	0.0	NULL	NULL	0	0
20190102	20190102091500000	20190102091500073	20190102091500303	20190102091500314	2012	011	1676182	002436	102 	4.600000	200	20190102091500000	2	2	0.0	NULL	NULL	0	0
20190102	20190102091500000	20190102091500073	20190102091500303	20190102091500314	2012	011	1676447	002436	102 	4.600000	2000	20190102112405790	2	2	0.0	NULL	NULL	0	0
20190102	20190102091500000	20190102091500073	20190102091500303	20190102091500314	2012	011	1678100	002436	102  4.600000	1000	20190102112405790	2	2	0.0	NULL	NULL	0	0
20190102	20190102091500000	20190102091500073	20190102091500303	20190102091500314	2012	011	1681240	002436	102 	4.600000	1000	20190102112405790	2	2	0.0	NULL	NULL	0	0
20190102	20190102091500000	20190102091500073	20190102091500303	20190102091500314	2012	011	1681289	002436	102 	4.600000	500	20190102112405790	2	2	0.0	NULL	NULL	0	0
